30 81 47 89 33 79 71 34 4 78 97 14 4 91 93 84 60 39 20 73 4 42 25 89 53 0 1 88 86 22 29 57 71 76 42 11 31 90 82 80 14 57 2 76 53 41 25 22 60 2 94 66 29 92 2 67 30 97 77 36 23 57 39 38 83 12 28 64 17 36 93 8 0 33 11 94 62 20 9 71 38 88 17 52 65 76 12 81 74 13 39 85 43 40 27 0 91 17 30 33
55 47 68 37 98 28 67 96 49 3 2 23 97 1 29 28 58 10 40 83 92 30 43 65 5 92 50 39 83 27 18 40 33 76 41 80 73 28 28 82 72 82 67 50 78 81 94 64 74 0 96 80 57 43 77 31 43 12 34 2 22 42 12 7 80 9 2 33 33 6 0 37 9 78 24 11 0 28 36 38 39 84 66 85 13 20 64 31 8 21 9 94 25 9 74 20 82 57 10 35
37 58 11 64 3 55 94 43 40 37 30 45 3 82 10 70 90 52 33 49 75 69 10 71 11 90 2 97 60 69 38 3 78 44 91 75 50 87 11 21 1 6 41 69 65 57 98 46 63 57 32 70 70 3 34 16 80 36 49 13 38 0 56 65 99 28 22 94 61 24 2 51 72 97 97 74 60 73 12 22 30 61 97 52 24 92 31 46 14 6 87 61 16 50 58 92 33 42 25 13
26 58 88 18 1 12 14 96 22 55 31 90 11 93 56 41 93 67 24 81 94 17 75 47 54 80 3 17 31 38 4 12 80 60 95 85 43 93 60 28 82 18 15 5 79 9 4 40 49 17 58 60 7 86 43 45 41 73 16 96 66 63 95 35 87 14 78 94 54 69 18 80 27 26 37 24 74 22 66 5 84 5 26 88 55 39 69 97 31 86 44 72 9 35 46 75 27 0 17 6
48 89 33 2 19 80 68 47 67 66 62 16 6 75 81 29 6 17 30 37 25 94 23 62 49 20 88 63 88 16 80 52 78 79 21 73 81 39 48 21 75 21 20 18 30 40 51 66 65 76 42 32 48 30 21 22 37 80 86 31 26 51 96 73 54 68 97 45 49 16 66 95 1 13 99 69 10 67 70 32 55 96 68 6 42 5 3 3 58 65 40 63 17 63 92 77 8 75 23 26
83 54 69 28 29 77 44 91 70 85 60 43 45 89 81 8 0 31 0 66 75 72 9 75 33 3 57 68 27 50 81 49 47 26 49 13 61 93 19 55 32 81 44 86 23 54 26 20 51 33 0 70 81 1 43 36 22 68 61 97 32 40 44 72 5 83 38 90 82 96 4 65 89 87 50 90 28 85 92 92 57 50 83 20 92 36 68 60 36 89 46 56 54 60 0 1 69 53 41 79
95 51 27 1 73 48 39 43 12 41 58 55 52 78 22 96 99 53 65 53 27 79 75 27 22 88 12 55 83 45 73 63 13 47 71 87 16 19 37 20 76 85 2 93 30 54 0 34 47 76 62 66 3 0 61 52 55 62 73 14 95 58 34 83 27 62 1 23 6 17 51 38 32 74 74 38 57 34 22 93 19 96 42 63 33 75 47 0 34 44 48 82 17 52 0 74 91 53 21 6
51 85 94 48 71 1 68 38 99 68 50 22 39 91 22 92 63 50 9 42 71 4 26 0 37 4 84 70 21 4 51 51 68 55 96 19 38 12 0 45 86 99 46 64 68 7 71 13 46 81 79 99 80 11 62 94 91 38 21 60 14 59 82 42 79 96 60 11 40 80 8 96 57 20 17 60 58 94 74 51 74 64 66 75 92 85 91 66 63 45 27 55 77 6 11 63 61 39 14 68
69 13 26 10 59 21 20 38 64 62 74 24 16 16 21 53 45 70 68 79 38 17 79 45 43 1 47 38 75 49 70 17 67 71 99 23 14 70 85 98 7 12 5 30 26 89 92 74 47 14 30 69 74 30 8 35 72 47 75 95 43 25 97 99 23 33 83 87 9 85 50 47 38 68 69 36 37 45 59 90 75 72 13 68 36 33 86 12 55 46 46 59 38 80 26 81 60 25 18 58
68 17 31 17 74 26 36 70 94 34 31 84 85 6 4 40 52 86 9 41 9 76 18 53 93 24 86 8 68 26 75 56 51 39 38 34 67 90 2 57 59 4 55 69 36 18 48 81 67 59 26 50 57 83 96 33 82 12 7 96 79 43 12 54 25 17 17 24 88 92 17 47 6 18 47 20 37 26 90 56 75 35 64 22 55 41 92 35 71 93 15 56 26 41 79 43 72 39 75 68
73 44 55 38 57 68 44 59 23 72 7 0 65 7 55 6 65 91 94 51 38 38 58 6 80 9 28 82 55 59 1 41 11 18 33 20 78 39 97 88 39 89 54 97 74 97 56 66 64 33 90 25 21 92 34 23 78 77 93 9 82 20 5 60 41 61 47 51 83 62 66 31 84 66 82 23 56 5 70 50 95 59 31 54 70 41 81 86 60 50 4 51 33 15 57 9 12 47 21 42
54 30 43 5 11 45 58 90 25 42 5 5 23 85 58 92 95 84 74 37 77 36 82 93 20 58 5 15 88 2 14 34 2 42 33 70 55 35 83 22 39 36 45 55 63 71 67 97 3 54 5 53 85 7 67 33 67 81 67 67 4 63 96 93 10 19 51 46 1 8 1 88 40 68 51 78 16 45 33 60 37 26 47 89 6 47 27 21 78 15 81 25 49 39 37 80 8 39 33 4
24 99 47 91 47 37 22 44 97 59 78 9 11 57 35 66 9 12 98 56 69 96 62 24 74 8 97 0 31 53 80 41 93 46 99 42 79 15 50 1 44 4 40 28 80 58 93 92 76 21 55 34 40 21 15 29 79 55 98 80 7 66 79 72 31 40 11 39 94 15 68 83 25 6 48 98 24 5 65 14 27 32 15 3 8 81 78 64 98 96 38 52 35 40 94 95 31 52 56 54
18 36 99 51 1 31 90 13 6 43 48 77 25 75 22 15 31 52 37 52 20 54 87 84 93 83 69 35 1 76 97 45 73 15 47 60 52 24 85 15 96 7 89 41 63 28 63 86 2 19 91 42 56 67 75 96 24 90 93 11 92 10 68 77 82 27 96 16 29 93 59 99 69 49 17 61 64 13 60 45 21 41 97 30 63 74 70 49 8 77 85 77 24 83 75 71 81 24 95 4
20 94 54 93 25 78 46 46 5 19 59 15 45 15 42 67 64 30 38 26 77 77 93 34 87 23 71 90 41 63 43 4 26 7 15 5 24 62 66 88 65 42 81 3 8 68 62 18 93 69 89 94 47 9 18 77 22 50 4 26 20 52 72 83 23 4 1 92 50 88 4 6 65 70 18 43 79 57 85 18 62 77 72 55 86 21 30 51 63 24 14 71 65 25 82 70 14 77 18 8
83 80 73 57 41 19 53 95 95 52 16 53 84 15 43 20 34 14 84 48 42 13 24 25 24 8 14 9 32 22 24 7 3 90 31 88 88 77 71 77 98 52 2 4 78 63 37 26 75 67 65 60 86 21 83 1 49 45 23 95 72 30 72 36 62 23 92 37 86 84 36 34 93 19 79 78 17 5 12 83 17 21 83 26 52 35 87 61 72 23 5 93 31 7 66 87 72 55 52 46
40 31 16 27 89 61 67 17 41 41 34 61 96 39 8 87 3 77 8 59 41 62 9 86 32 83 49 68 17 85 85 87 50 44 23 95 40 14 31 30 53 79 68 46 60 38 91 82 60 26 6 98 80 39 54 43 32 0 11 15 33 61 41 61 43 81 56 2 8 55 42 93 57 67 26 48 41 97 69 92 50 45 52 54 41 41 52 40 42 96 22 48 69 15 99 32 99 23 1 60
4 52 9 49 59 1 23 26 60 84 36 45 30 39 67 67 8 53 48 41 23 28 3 16 43 56 68 60 31 71 32 85 55 31 62 55 60 12 29 64 55 12 31 60 8 56 39 45 61 58 44 17 34 8 53 14 52 68 38 4 55 31 25 10 91 98 3 26 22 2 22 15 15 56 22 38 39 64 3 33 20 40 94 49 12 8 66 2 28 30 99 85 62 24 82 1 70 89 55 55
17 37 75 85 16 8 38 67 67 39 89 93 38 40 62 64 61 32 12 28 76 38 55 58 45 26 49 88 26 35 83 46 52 47 95 8 23 89 82 14 49 61 39 15 13 69 6 83 8 68 4 92 70 45 28 40 11 9 99 74 38 32 9 26 36 86 24 39 38 3 98 64 64 86 98 66 70 24 44 30 33 51 34 94 95 42 44 75 61 8 76 15 82 41 63 65 8 95 48 98
70 40 15 25 58 14 26 30 1 52 75 36 65 43 86 59 24 81 46 27 90 53 24 3 1 5 9 12 61 30 88 33 64 27 83 12 76 37 10 52 67 29 32 15 88 94 15 14 47 79 78 59 27 79 10 39 29 17 57 66 38 39 32 28 58 29 72 42 84 42 24 38 22 32 62 72 69 62 74 59 54 99 53 68 76 73 12 65 45 72 29 41 8 94 35 88 46 92 74 83
22 79 74 94 99 80 65 94 9 61 91 54 91 34 54 69 96 37 40 7 49 82 24 70 23 46 98 11 10 95 23 86 41 90 53 55 3 10 65 75 47 16 38 55 44 7 53 71 51 73 6 56 33 96 3 68 14 69 82 43 24 83 13 80 38 56 73 40 28 17 98 7 52 11 62 54 79 75 15 78 82 10 56 8 9 97 32 64 93 70 60 11 22 15 67 68 12 5 49 32
80 5 77 76 11 78 61 20 66 96 31 29 56 92 92 59 21 70 33 98 65 8 67 7 14 0 46 64 12 33 30 44 25 31 25 56 1 29 5 15 67 13 73 41 34 95 67 57 37 22 46 41 98 64 66 79 63 33 8 69 81 44 60 89 41 6 27 72 65 44 14 85 48 36 85 58 16 83 33 82 65 82 89 86 27 79 76 87 20 27 39 86 20 42 3 32 86 55 65 7
20 83 46 69 8 41 48 28 5 60 42 19 41 8 56 45 96 27 26 16 75 0 55 85 44 99 99 19 82 17 17 74 65 70 4 79 75 32 73 66 54 86 49 87 57 71 42 81 27 25 92 33 3 3 46 3 38 71 59 36 67 28 71 77 77 48 27 55 40 10 72 60 30 92 40 70 45 44 48 91 57 77 77 33 68 89 26 28 18 53 24 98 59 69 81 7 52 95 12 86
33 98 65 20 46 80 37 0 13 65 36 71 24 91 87 66 53 52 54 83 63 71 50 93 77 3 77 57 28 17 94 6 53 89 5 80 81 92 41 37 85 18 52 88 16 83 76 92 84 48 62 17 57 99 85 10 32 95 6 78 32 59 19 65 32 90 79 92 64 26 59 70 38 70 99 83 64 64 49 13 52 52 15 85 89 87 60 95 42 96 40 16 14 37 77 6 58 82 55 2
78 48 49 93 82 89 30 27 53 16 33 78 17 44 60 88 11 65 5 82 38 23 64 13 91 87 25 85 30 48 94 4 4 51 57 60 22 68 36 62 71 30 58 12 59 17 81 54 62 34 14 62 60 7 21 61 14 37 19 46 22 96 31 2 9 35 40 70 91 70 17 86 80 97 98 82 70 98 67 66 58 50 55 47 48 72 51 29 47 43 39 74 29 59 10 37 2 16 53 27
95 87 77 91 79 22 78 8 90 51 5 62 76 97 34 21 9 51 31 61 71 53 20 11 15 40 75 65 62 42 42 75 15 24 73 34 86 26 98 42 19 45 31 43 24 43 30 36 37 19 52 61 90 83 32 15 16 28 51 14 86 17 41 74 4 85 80 51 49 67 10 96 1 11 97 84 49 91 90 48 15 8 2 24 27 20 1 13 16 22 97 83 78 25 19 33 84 84 98 70
1 6 13 91 16 98 68 35 16 63 71 26 55 67 97 15 63 34 47 85 96 10 41 25 29 41 12 30 65 79 55 66 30 55 60 93 76 73 7 77 52 30 20 81 33 24 6 10 17 27 12 39 94 17 40 76 11 63 64 23 25 62 16 4 79 50 83 88 33 29 2 29 46 15 87 8 61 97 64 96 18 29 34 19 55 54 77 91 57 29 22 11 94 64 56 79 88 6 70 43
87 29 45 4 57 12 6 86 95 28 99 74 25 38 30 25 79 38 20 71 47 49 55 98 34 93 56 57 62 21 60 82 18 61 41 14 94 55 98 52 39 1 95 11 79 55 76 70 58 12 33 11 36 17 47 72 23 66 22 83 57 30 55 25 59 26 53 10 93 17 31 83 73 75 13 56 60 64 88 81 20 84 85 49 89 2 86 6 55 30 64 24 8 76 41 24 84 83 2 9
65 66 69 8 98 62 84 61 71 61 49 10 54 67 67 94 9 16 68 55 56 78 85 62 88 93 15 32 6 40 46 67 58 70 15 1 36 75 32 53 84 62 45 21 42 36 19 49 13 47 44 14 45 53 18 62 32 23 88 47 82 98 11 11 69 49 47 88 4 65 18 18 8 35 86 98 33 4 90 4 8 83 51 9 58 99 45 7 65 71 94 95 22 81 96 10 18 3 55 24
94 17 1 25 67 87 49 73 64 78 31 36 67 48 57 19 62 93 52 58 86 89 51 59 59 75 42 56 52 32 7 57 22 98 77 89 0 88 45 23 65 67 2 88 5 25 62 68 83 38 11 23 44 93 12 55 86 55 16 80 83 47 81 63 93 72 78 48 83 56 20 95 38 14 83 29 99 4 53 1 64 67 4 50 98 7 49 0 25 26 58 35 8 74 15 27 17 44 69 79
61 5 12 41 85 11 83 59 8 95 23 84 53 79 85 78 41 55 61 44 38 86 8 69 27 27 26 95 15 37 29 97 98 81 2 93 92 15 53 50 97 76 32 39 22 74 13 75 21 9 66 57 15 71 18 37 83 0 6 65 60 48 42 79 45 49 85 35 41 77 57 65 94 73 96 93 95 65 85 79 33 49 6 85 98 55 25 40 1 19 63 96 6 76 85 73 83 13 11 19
90 25 88 25 25 95 3 14 32 55 39 8 41 82 74 94 85 97 40 33 52 45 68 32 15 89 1 34 23 45 2 86 73 72 4 65 9 26 68 22 0 81 57 95 86 54 97 7 22 42 48 6 17 22 83 1 5 68 30 51 78 41 55 18 12 65 91 54 44 58 72 81 21 70 87 39 60 39 89 1 68 0 36 45 63 50 42 12 70 24 36 32 3 1 58 57 78 17 57 40
95 83 59 68 43 66 15 69 78 26 8 66 50 51 68 66 43 49 17 31 44 94 80 96 43 65 31 94 26 19 4 42 29 29 9 5 28 26 7 81 16 7 75 31 66 65 48 14 84 27 86 12 97 81 77 32 25 24 1 37 58 4 34 57 58 56 85 94 49 73 94 98 91 78 22 33 83 17 84 9 11 15 91 10 96 54 83 36 78 16 49 38 93 71 67 89 7 96 69 58
74 80 89 33 55 11 24 95 52 84 17 35 64 47 46 77 60 31 87 83 58 15 27 54 70 20 5 29 68 92 31 25 7 2 42 89 79 98 35 37 99 60 22 31 34 97 72 21 7 63 88 38 60 63 55 15 19 4 70 2 4 98 19 23 80 96 79 56 72 95 33 63 87 61 80 46 61 19 48 18 92 7 90 77 24 2 45 83 95 26 61 20 8 20 99 73 5 85 63 52
17 34 31 33 20 22 49 11 38 63 45 57 74 18 65 15 87 1 44 65 42 18 46 58 3 15 45 33 63 65 15 53 47 79 60 28 78 51 19 99 33 98 94 41 35 93 50 37 61 72 9 97 16 5 90 81 94 83 7 5 56 1 42 77 45 53 98 79 93 29 70 98 61 49 28 93 34 58 48 87 85 83 96 71 45 59 96 37 21 68 7 32 13 4 16 90 28 53 27 1
41 3 96 72 34 50 27 3 95 28 19 56 32 70 97 48 49 75 36 65 50 54 57 46 31 78 37 72 60 0 84 52 30 25 11 72 5 58 42 14 34 48 27 93 37 89 19 82 24 5 50 62 88 73 47 39 88 80 74 32 35 16 5 27 72 56 50 6 86 80 99 83 46 65 33 49 0 12 71 79 62 49 43 8 53 41 7 15 93 37 98 94 64 30 94 27 27 95 49 0
12 70 40 60 93 24 24 42 55 70 5 54 83 16 82 10 49 78 50 3 99 94 89 46 13 34 34 26 39 23 33 4 40 27 18 87 22 48 96 21 83 49 37 47 31 82 43 57 33 39 16 14 56 70 39 71 42 92 50 62 8 79 77 15 33 14 93 86 37 97 50 45 35 59 3 6 10 62 79 76 77 90 69 23 30 86 81 74 12 12 38 69 82 56 25 32 76 53 44 3
42 4 1 52 84 70 70 55 16 56 17 73 44 93 48 32 55 1 14 6 83 26 90 33 41 69 34 16 88 2 9 77 93 84 65 91 65 80 99 22 13 80 85 57 90 82 38 36 9 27 43 32 74 74 14 45 21 94 30 51 54 79 94 0 18 37 79 25 24 82 6 48 10 39 63 99 41 43 31 56 71 1 26 28 78 91 85 73 47 40 20 8 66 22 40 29 2 20 61 8
89 80 15 48 69 29 60 41 38 1 51 14 92 70 85 38 30 11 32 78 33 22 85 44 23 92 26 78 75 49 97 97 9 34 85 70 35 21 87 72 67 4 90 12 22 63 75 17 79 76 67 14 32 88 86 71 93 53 70 49 82 22 83 3 99 24 9 6 29 39 32 68 52 48 91 16 68 3 9 22 64 39 45 51 45 35 24 60 93 53 74 57 59 2 45 4 76 33 31 32
61 72 36 24 20 77 39 36 25 2 41 80 6 1 76 0 38 79 31 44 15 36 7 50 66 34 49 9 80 47 3 68 84 67 82 88 4 7 74 75 7 73 77 24 36 68 58 53 24 18 13 79 34 89 93 56 48 76 50 89 94 33 61 3 35 60 22 66 52 21 28 54 9 99 13 54 43 9 56 14 92 55 72 4 98 98 35 83 95 48 49 45 11 70 64 8 20 40 28 60
26 1 60 63 99 77 15 45 18 80 70 27 0 95 35 32 68 61 79 52 88 52 81 53 26 28 33 46 17 50 25 15 61 78 11 12 40 22 37 51 14 37 35 60 78 64 46 27 76 68 87 65 80 39 78 92 95 81 92 84 92 79 88 78 3 55 33 63 30 50 6 53 46 83 65 50 32 22 46 84 37 97 36 80 17 86 96 55 8 26 97 35 91 26 45 10 76 21 74 94
76 58 23 46 3 40 82 16 68 47 30 52 80 17 25 12 12 11 67 78 86 31 36 72 96 64 28 31 13 68 18 48 34 37 10 20 25 62 79 54 52 14 6 27 28 73 68 73 34 26 24 73 40 4 4 15 69 76 30 49 66 9 76 81 4 96 77 35 15 27 79 36 14 28 50 56 10 95 83 63 61 45 46 19 95 29 58 25 40 38 6 27 90 50 93 85 54 2 44 97
65 5 20 18 13 79 39 92 57 24 23 39 47 7 86 92 38 62 38 97 87 31 1 41 49 56 49 81 24 87 73 8 52 18 44 40 8 39 32 94 38 52 68 83 7 81 90 86 82 67 19 35 25 42 49 69 48 74 88 44 62 72 18 80 8 76 4 75 49 50 89 23 76 58 17 61 60 1 40 91 98 3 47 43 73 87 4 69 31 58 21 61 20 8 14 79 20 0 76 34
99 31 91 3 12 92 36 60 0 39 64 27 0 96 24 1 89 47 57 97 65 39 66 62 99 84 98 67 29 70 51 32 1 99 24 58 86 81 43 72 5 30 0 44 24 12 3 34 20 62 17 11 39 44 29 18 1 43 24 80 22 14 63 15 21 72 47 19 77 36 75 81 93 18 82 4 51 73 28 32 30 70 79 1 32 39 94 90 23 89 6 24 0 20 2 95 14 98 49 71
57 39 72 63 7 84 85 95 17 17 14 29 91 37 67 27 25 78 75 28 13 23 91 69 78 35 85 86 92 88 48 1 51 32 33 3 54 51 98 34 61 57 3 44 10 71 17 27 57 58 6 78 71 33 72 39 13 5 84 65 67 54 39 90 19 24 91 83 24 19 19 81 79 77 93 9 1 55 17 15 89 76 69 34 2 25 36 99 12 76 62 73 19 29 58 70 80 3 94 21
84 77 74 8 12 33 81 16 3 93 44 19 0 18 45 94 24 37 99 69 68 2 48 41 8 52 77 61 18 33 26 88 2 5 62 74 76 85 54 17 4 66 14 61 55 89 49 81 86 49 17 5 36 57 86 65 62 87 49 22 35 82 31 88 6 77 52 8 86 37 34 29 40 45 81 7 97 37 0 91 9 40 39 98 21 14 76 41 9 7 21 86 20 2 60 97 88 35 79 90
71 21 11 19 55 15 91 25 7 93 57 77 63 34 40 41 15 70 70 13 73 47 22 24 35 29 42 72 96 3 43 95 34 4 94 99 57 59 79 64 61 55 73 45 78 72 92 66 45 87 27 25 22 88 58 65 48 42 69 75 6 8 44 96 52 32 91 64 10 61 89 76 6 10 28 1 56 9 23 44 75 82 28 38 36 65 75 61 38 99 97 56 10 54 75 56 24 67 65 77
31 2 34 25 42 77 94 0 39 14 98 60 6 79 69 47 15 87 40 11 10 51 78 14 48 58 91 48 47 18 14 39 74 33 48 82 90 50 94 38 29 94 44 49 42 21 94 60 19 45 90 68 68 73 91 57 36 31 12 64 56 26 16 71 60 3 82 12 6 19 69 71 12 37 66 8 50 86 63 97 40 75 32 16 54 10 17 41 22 14 86 84 32 25 24 38 21 87 45 35
13 69 3 59 22 64 78 73 83 57 15 78 3 62 82 26 87 18 8 11 94 26 22 3 78 76 57 63 5 93 3 86 8 16 4 82 25 54 38 56 52 1 11 31 58 1 52 35 33 37 0 21 68 55 3 18 11 11 45 94 65 66 99 14 38 96 87 41 40 31 9 16 5 15 15 21 50 92 11 91 8 27 12 9 16 14 73 52 71 54 18 7 7 58 81 50 52 5 34 87
62 72 0 30 72 8 67 98 76 4 58 37 77 56 57 41 38 90 85 14 53 60 49 30 16 51 49 83 85 43 67 20 57 81 53 1 34 18 46 60 62 65 9 58 28 8 79 67 19 59 74 32 45 83 6 75 53 3 84 9 94 58 31 24 24 73 58 26 90 6 9 26 97 57 12 62 88 11 42 95 77 46 68 66 48 86 76 7 60 94 93 80 46 30 89 71 39 84 99 69
38 40 32 88 74 23 8 64 73 9 62 31 53 43 99 15 98 56 37 73 11 83 53 15 62 30 3 17 89 90 86 73 38 48 27 31 35 48 32 85 80 25 34 32 83 73 44 35 18 11 23 8 0 30 14 34 77 52 3 55 64 52 89 35 67 70 1 41 82 54 0 77 5 65 55 19 16 28 98 4 85 97 39 18 80 80 50 95 52 74 70 11 27 14 75 35 40 78 64 88
85 41 93 63 55 39 25 19 18 40 1 56 50 39 45 11 8 0 61 44 75 41 32 15 74 79 53 52 70 83 46 10 66 15 86 72 43 8 24 56 15 71 54 60 54 17 56 81 3 74 81 74 65 70 49 42 65 47 97 40 45 39 36 57 63 39 99 20 68 36 43 70 81 86 48 55 32 71 77 37 44 79 48 4 86 3 68 96 24 18 5 12 4 92 86 96 42 42 60 2
91 47 51 89 6 15 11 2 97 61 61 28 77 42 13 23 75 53 90 98 75 25 89 19 75 4 3 23 61 22 2 63 75 61 64 81 4 85 47 77 0 51 45 57 32 32 8 19 24 4 71 74 50 52 51 63 63 29 96 35 62 55 92 42 37 34 94 51 29 73 13 75 94 77 52 0 43 44 22 7 96 19 55 14 29 58 41 56 88 44 45 6 52 83 62 49 20 22 65 78
47 62 8 29 18 54 72 69 49 11 22 96 99 40 37 45 0 39 66 40 81 81 10 34 91 85 25 93 57 33 96 41 32 48 0 63 1 44 83 24 94 60 40 70 67 38 18 6 47 72 51 9 3 32 79 30 14 90 36 69 68 26 4 86 19 0 46 80 38 1 67 70 81 35 89 88 61 80 26 80 74 12 70 23 29 49 7 74 75 8 39 39 40 7 73 77 75 81 73 25
22 71 80 65 64 89 19 43 8 24 69 4 42 23 37 71 32 0 95 90 29 43 6 0 9 74 3 48 94 64 45 33 5 84 88 15 86 17 88 23 97 32 95 83 37 58 43 73 83 45 43 62 0 2 22 31 8 9 9 36 75 60 74 54 62 93 61 19 15 20 16 59 19 78 43 94 76 68 73 73 39 55 3 15 72 65 54 58 65 50 57 14 13 94 45 54 46 50 28 9
27 13 69 0 3 52 62 87 71 22 10 74 59 96 70 63 33 93 10 82 27 2 57 45 46 88 17 69 80 39 65 33 70 4 21 86 60 31 88 76 39 47 22 77 40 66 2 4 75 41 3 66 30 97 82 97 77 1 86 57 96 96 48 95 4 30 91 4 64 79 13 76 18 80 37 98 53 51 85 33 54 49 35 4 52 19 55 42 54 15 92 59 15 21 48 28 53 46 16 75
35 68 37 48 33 88 44 92 91 9 35 54 10 70 33 49 38 96 50 28 13 34 64 18 17 37 26 71 69 96 38 87 86 29 87 50 69 59 94 8 2 9 34 16 31 99 82 40 46 55 17 79 94 82 29 0 65 10 38 39 0 9 35 55 36 84 88 27 24 6 63 49 5 71 4 37 13 41 32 22 84 94 73 36 53 4 48 30 48 27 24 50 82 49 31 40 14 48 56 84
60 36 27 65 36 15 23 59 16 43 18 31 23 56 18 34 66 27 67 64 41 7 64 72 39 27 4 14 64 96 58 8 47 37 43 93 24 73 29 40 48 54 92 2 68 76 55 33 69 20 60 93 93 35 17 3 39 23 20 56 93 86 36 11 7 86 42 44 85 49 2 30 45 57 26 60 35 44 49 17 30 58 54 26 63 48 28 60 18 26 58 63 34 72 80 61 30 19 81 76
62 2 96 76 63 68 89 77 94 66 96 14 29 94 78 2 48 60 21 48 25 63 27 90 86 71 51 14 66 6 50 70 95 54 5 14 71 72 8 4 76 11 48 12 54 31 86 86 48 40 4 94 98 22 61 98 73 47 33 15 90 30 3 33 98 55 6 97 11 8 47 38 31 7 81 24 57 49 36 46 78 80 8 58 98 96 98 27 33 13 61 74 41 32 31 63 0 51 7 51
72 56 91 47 7 42 62 20 86 93 24 58 74 52 99 64 69 76 18 97 67 62 81 81 13 18 99 93 88 52 24 74 98 25 51 86 89 56 53 30 14 50 92 85 93 27 11 40 72 15 83 23 42 45 47 39 81 92 53 90 87 79 88 5 26 71 99 16 89 17 56 9 95 97 18 59 95 67 64 54 25 48 43 82 71 85 52 16 88 52 79 84 88 97 60 40 22 37 32 77
14 85 67 9 30 89 13 66 71 27 48 3 86 19 17 53 65 6 71 0 44 1 13 44 24 60 64 27 36 71 48 56 24 63 60 87 3 62 2 32 81 50 37 22 85 77 10 9 74 15 66 11 60 72 77 65 50 21 12 94 42 61 49 50 77 45 61 49 67 85 72 78 6 45 73 22 95 77 8 78 70 18 39 90 88 31 69 16 52 91 76 57 70 92 39 95 10 41 39 37
8 13 87 11 62 29 34 53 5 32 45 12 42 1 95 32 76 30 4 61 62 64 43 25 54 32 56 66 1 97 66 57 71 99 91 96 48 96 64 79 29 49 4 14 81 70 74 76 52 43 71 99 93 39 50 13 84 27 66 8 70 7 82 3 93 66 20 57 41 39 97 22 77 49 46 44 64 63 3 92 32 53 8 71 60 51 13 29 22 52 16 93 24 48 55 98 4 10 83 5
28 70 91 91 0 67 14 16 91 89 12 84 16 73 17 85 68 70 56 49 66 80 55 40 72 84 32 7 58 92 23 57 94 21 35 75 5 51 64 68 13 20 39 10 36 61 10 64 57 42 42 65 86 37 25 74 45 11 34 12 89 99 9 21 78 12 49 49 90 30 32 41 70 52 5 15 68 37 45 97 82 52 44 85 96 75 76 94 84 97 49 3 79 88 71 32 93 91 85 65
94 31 79 70 15 9 94 4 28 60 88 80 28 33 98 50 19 5 16 90 25 62 12 82 50 6 43 43 30 33 82 3 80 18 96 40 48 62 81 8 84 46 26 60 54 27 36 95 11 83 15 95 22 73 85 27 0 1 45 18 58 24 69 55 82 36 15 55 40 29 79 31 64 75 40 46 8 83 38 83 3 25 3 56 46 72 22 89 32 90 63 96 57 54 54 74 15 9 32 54
56 1 28 69 68 41 84 54 36 73 75 44 37 4 75 43 79 41 48 28 13 29 39 90 54 37 97 82 19 67 52 62 91 29 4 6 72 33 36 95 3 40 32 22 68 44 52 5 89 2 54 89 81 0 32 60 49 43 93 25 61 9 38 35 30 74 79 98 9 25 99 66 72 2 93 19 32 24 48 93 49 13 14 74 87 77 51 69 31 5 40 34 23 0 50 72 76 37 80 14
61 8 62 63 72 50 78 72 45 12 17 5 75 95 14 97 27 24 70 82 80 95 80 1 40 6 5 98 22 48 68 77 97 79 16 61 86 63 98 78 95 69 6 54 26 61 67 80 12 72 3 27 83 69 10 38 28 58 34 45 19 12 19 59 33 29 49 29 48 87 83 4 18 26 24 75 11 5 77 45 88 77 57 91 13 79 33 57 15 69 77 44 40 5 97 88 54 15 73 71
70 0 3 6 86 79 46 82 61 20 32 36 66 0 5 11 73 17 59 67 65 6 11 4 5 11 13 88 86 67 33 90 5 59 71 4 11 81 36 72 56 13 67 87 86 76 34 78 23 54 58 35 94 30 94 68 33 66 57 35 75 60 16 75 88 84 42 58 49 55 54 92 26 42 43 39 72 49 60 82 9 32 75 40 86 96 64 58 68 5 15 26 55 43 70 33 56 60 90 16
68 50 9 87 96 74 44 77 20 56 71 28 8 38 18 72 1 60 25 60 87 66 72 59 31 51 79 21 1 44 81 63 68 45 32 53 57 76 94 23 38 13 88 55 3 87 70 75 27 91 99 50 62 75 87 76 16 61 12 19 90 83 80 82 9 49 79 53 86 18 48 11 58 62 2 49 15 92 49 91 45 12 92 45 12 54 58 4 44 35 60 39 88 80 98 13 11 61 26 8
38 90 44 8 56 66 25 23 63 73 49 97 1 80 23 53 73 9 59 79 73 76 4 40 42 71 69 92 86 93 6 66 43 70 72 71 88 54 73 52 25 75 7 90 68 90 20 2 98 45 27 17 6 37 22 23 0 67 75 27 59 2 82 91 13 76 81 90 2 40 63 62 29 68 7 17 78 31 48 7 15 59 50 79 82 61 28 31 11 42 57 54 64 43 75 22 65 65 74 86
34 63 90 18 64 49 20 54 0 61 50 33 75 89 71 51 75 33 49 29 55 34 3 22 30 44 55 79 54 9 9 32 9 20 14 83 97 33 87 73 68 83 2 23 15 24 48 15 12 52 78 41 7 57 41 29 1 74 64 8 9 8 76 19 73 18 92 59 13 2 96 74 15 90 1 50 2 56 7 82 36 2 25 75 16 57 50 13 78 41 33 35 46 14 36 23 55 6 43 67
72 75 7 81 26 64 70 6 37 84 17 16 89 28 36 82 33 91 79 65 7 64 79 64 76 58 53 92 39 39 83 46 89 43 0 31 67 41 9 31 47 18 65 77 62 73 15 23 59 55 36 37 94 23 21 32 79 6 38 46 2 73 44 85 69 96 82 51 87 24 10 32 93 97 93 58 87 42 60 69 70 13 29 61 1 22 91 55 5 8 1 94 14 33 83 0 23 36 46 92
79 29 66 26 54 28 71 5 44 86 9 49 80 5 82 90 29 34 93 25 3 34 68 10 4 62 3 14 91 41 76 56 25 65 32 92 35 16 16 36 52 25 41 91 76 31 46 27 87 11 43 5 99 2 64 40 45 57 16 5 87 21 0 67 47 43 44 31 96 58 64 66 33 32 89 46 40 22 54 27 30 67 54 92 53 37 88 95 35 69 51 30 60 77 53 87 47 43 91 47
4 12 6 59 6 38 67 79 96 48 42 60 93 49 17 42 48 84 66 95 20 99 3 60 28 37 85 29 51 34 91 79 15 7 36 75 99 40 97 26 89 95 90 21 66 54 13 34 29 77 20 0 58 53 44 49 63 5 58 82 30 0 22 52 30 11 72 30 4 49 55 10 91 89 13 54 71 0 21 53 7 93 63 19 11 6 22 21 73 49 17 49 39 3 92 86 57 80 91 37
93 77 19 96 93 88 24 92 6 91 65 99 83 52 47 26 89 55 2 34 12 24 37 14 40 17 35 29 67 42 4 70 66 17 35 40 20 25 67 89 54 18 13 15 13 37 4 59 70 94 19 42 47 8 88 37 16 14 41 68 77 1 53 27 79 17 34 29 79 8 82 35 74 93 97 94 43 70 29 49 32 83 9 81 60 12 88 54 90 21 54 59 74 4 56 83 1 39 13 76
90 25 29 1 40 88 34 67 28 66 7 64 45 65 53 13 95 55 66 62 92 18 12 8 54 69 54 10 30 69 74 77 91 72 79 23 87 4 43 99 14 84 38 64 76 4 18 96 93 66 70 63 1 78 97 53 7 38 27 44 15 11 79 3 23 9 1 65 23 65 97 22 85 62 46 65 12 13 76 98 26 94 19 51 9 28 80 94 34 13 59 46 24 24 47 55 53 8 43 19
44 82 14 88 74 30 98 92 51 95 91 40 69 57 70 45 12 65 37 97 38 64 9 90 17 52 91 73 70 72 33 90 98 87 40 56 69 41 0 7 52 82 0 54 14 80 24 49 58 76 45 32 41 8 86 18 19 0 22 32 9 47 91 52 81 5 31 79 61 3 46 52 95 79 26 48 30 47 86 55 75 37 55 3 19 81 42 37 44 35 60 49 59 11 4 67 64 75 5 96
11 76 12 54 15 61 5 21 13 18 23 39 71 9 43 83 17 7 9 79 77 9 65 3 55 93 69 46 49 61 20 24 78 4 44 41 98 85 57 42 26 73 74 42 98 83 85 44 26 30 42 0 99 87 10 80 87 78 82 89 15 36 99 95 58 19 76 42 79 90 91 79 34 71 62 71 84 68 34 14 7 82 39 0 64 97 74 34 55 96 62 72 91 28 82 40 77 5 18 23
78 61 26 27 88 82 52 21 53 7 33 52 4 19 30 76 94 49 93 13 36 32 23 40 63 39 54 32 52 85 8 17 75 45 95 63 85 84 60 66 41 72 94 67 16 36 64 42 47 69 75 66 50 90 59 63 24 59 10 23 70 61 38 97 66 22 52 30 88 39 21 30 52 12 94 55 19 59 76 40 17 49 61 97 40 62 51 67 42 28 70 73 8 71 2 70 79 73 75 97
74 25 36 11 78 62 84 63 22 14 60 73 14 56 22 50 94 48 27 35 17 25 31 93 89 9 42 0 46 17 67 12 38 95 2 98 31 67 4 40 93 66 66 9 52 82 71 20 33 63 90 55 25 34 52 31 27 9 95 75 59 38 53 27 73 22 48 96 63 6 50 17 59 44 39 25 53 76 90 60 97 97 9 15 90 52 97 49 42 96 37 56 66 69 71 1 14 68 73 72
43 43 35 52 81 26 19 11 19 69 17 29 89 92 16 40 45 70 2 65 99 94 96 21 0 42 19 87 46 34 88 30 1 75 78 62 2 69 45 81 97 58 83 48 26 34 75 8 12 37 52 31 25 3 43 4 59 16 93 8 41 23 84 2 66 33 11 54 70 57 70 21 62 54 21 61 39 73 62 73 84 47 13 17 81 35 55 20 64 43 63 49 42 21 50 56 95 22 27 82
83 14 83 53 28 93 13 0 29 30 92 90 78 83 56 97 7 66 80 17 19 11 67 94 85 99 74 40 86 93 89 43 98 11 21 4 78 32 89 72 39 53 43 91 72 11 26 23 46 48 86 55 44 1 36 23 35 32 59 83 24 34 93 64 42 94 71 7 40 82 77 57 62 70 1 92 28 63 73 65 79 97 25 66 12 53 71 71 20 54 47 20 70 34 83 74 9 22 92 80
69 88 19 41 17 9 98 41 0 31 80 33 17 72 60 75 9 22 63 30 59 99 60 38 90 37 20 13 67 6 67 44 23 53 57 94 29 74 56 82 13 44 63 67 56 43 76 96 64 60 72 74 89 5 83 59 14 65 43 17 57 8 1 96 97 89 98 89 62 73 81 24 44 58 75 0 41 52 89 15 70 75 86 17 69 46 12 19 20 12 4 69 86 66 82 27 55 37 31 17
47 14 34 70 72 76 99 8 48 96 43 31 97 68 93 0 44 19 26 28 58 82 43 98 87 53 93 57 21 44 62 95 40 96 19 56 8 38 27 71 64 27 13 12 51 63 42 18 37 72 2 63 75 90 13 51 60 61 84 66 55 67 45 19 54 65 4 6 78 88 87 4 94 5 37 22 54 39 48 8 41 21 72 73 58 88 21 25 64 98 41 74 9 33 88 48 73 23 44 72
64 99 56 44 17 82 1 49 88 68 96 90 51 26 36 41 81 85 16 4 11 32 85 74 51 74 49 51 96 99 93 66 48 99 61 11 6 22 65 18 99 71 57 19 44 50 86 99 66 80 72 19 23 35 99 76 69 79 70 32 63 21 25 25 77 87 26 96 17 17 51 52 21 99 74 92 87 15 9 87 75 13 39 59 97 39 25 42 59 7 38 54 63 50 40 40 58 47 68 84
73 87 21 3 68 44 70 53 5 4 58 93 75 21 36 56 23 71 25 31 29 63 86 54 8 72 12 54 65 23 6 66 78 67 32 3 18 47 30 57 29 56 65 18 54 56 12 13 1 13 84 43 79 10 72 4 57 91 51 13 25 73 92 87 81 43 96 28 46 3 12 1 44 64 58 56 84 56 30 19 38 51 74 26 30 21 6 11 51 85 51 69 2 78 70 95 45 53 13 70
40 77 63 45 18 5 65 49 36 0 98 6 35 67 31 61 44 66 91 16 45 73 57 48 0 12 73 30 99 11 83 82 47 72 72 88 90 69 97 64 20 77 60 25 67 99 30 74 2 16 72 83 56 19 4 83 59 90 4 39 27 31 9 38 37 0 93 71 88 41 51 33 99 25 21 81 15 96 72 47 40 96 0 71 51 26 3 43 26 73 87 51 76 70 72 48 13 66 84 13
46 65 27 28 69 36 15 94 6 66 73 15 75 33 43 29 3 4 41 31 15 20 74 93 91 48 0 11 55 86 68 12 49 13 45 45 14 76 69 43 29 33 69 34 37 84 21 40 92 71 75 79 53 91 62 18 35 53 84 47 15 82 26 45 3 93 68 21 26 47 28 5 32 45 55 92 15 19 39 58 25 96 81 23 92 99 46 70 41 89 2 80 84 16 53 43 4 52 49 3
97 17 90 80 82 74 65 74 30 93 96 36 90 55 26 11 28 88 19 52 56 59 44 67 24 36 37 40 87 80 76 66 95 41 78 91 55 36 25 82 32 47 72 49 32 88 56 35 82 96 47 97 76 97 51 90 54 17 14 13 93 99 57 76 32 27 76 47 52 90 79 6 43 68 67 15 83 27 77 80 80 93 8 93 3 74 67 83 58 23 41 98 41 99 12 93 80 20 21 11
29 50 77 48 85 81 58 43 78 64 30 49 99 59 98 84 47 45 11 89 8 47 45 26 40 78 76 27 92 92 35 81 9 46 2 94 44 33 4 1 57 47 47 42 75 81 95 53 16 52 77 20 4 36 38 18 89 21 22 95 50 89 33 86 64 92 17 0 50 68 22 92 45 4 43 51 0 39 5 28 39 85 83 60 62 43 60 77 25 12 74 6 83 57 0 45 31 86 15 60
85 59 58 13 46 2 3 48 98 34 3 7 23 65 66 85 95 51 44 32 60 11 32 63 47 48 62 32 78 85 23 55 20 41 90 19 51 55 0 5 50 65 13 12 1 36 21 4 21 88 49 7 9 14 75 2 94 64 22 12 16 65 19 30 30 43 17 63 81 77 7 47 22 21 32 15 8 66 82 12 73 63 67 74 68 61 5 71 41 92 32 25 26 38 93 88 37 12 68 53
7 9 39 84 11 97 31 94 9 23 35 4 95 83 55 76 70 32 80 22 22 65 96 50 15 20 74 20 20 4 77 68 6 96 87 42 50 65 26 99 92 3 61 14 71 49 28 42 59 47 64 79 54 21 87 11 28 91 74 17 66 60 6 62 89 64 46 8 49 62 1 66 64 26 76 14 50 88 94 31 14 61 27 71 86 84 8 70 64 26 53 48 85 75 35 12 65 22 65 22
81 39 13 81 26 3 51 14 10 92 41 52 67 44 23 45 96 33 68 97 80 55 86 18 64 57 2 53 29 54 99 0 91 48 49 34 85 52 55 59 4 70 58 61 23 14 2 92 30 16 5 41 56 84 51 24 79 79 73 27 90 28 98 91 29 46 5 37 1 31 13 58 57 49 24 9 94 8 81 6 54 90 65 33 43 79 38 48 62 73 95 38 64 51 64 9 97 65 86 84
28 54 23 2 91 22 71 89 7 67 71 39 70 50 28 14 29 18 67 68 65 10 81 96 9 9 30 68 89 60 7 60 19 83 9 27 95 12 12 97 83 73 83 13 12 40 92 76 39 30 60 23 72 78 89 59 92 73 48 79 55 91 76 48 56 79 41 65 38 31 54 44 73 87 8 25 10 57 15 55 32 15 55 13 27 10 73 56 67 42 22 98 2 62 85 90 71 70 1 32
6 0 21 75 70 37 31 88 19 77 52 2 13 21 6 75 90 73 81 26 6 89 83 1 77 82 19 47 88 20 50 64 5 70 57 94 37 23 8 29 22 30 95 97 78 16 54 87 29 87 19 18 47 63 9 33 94 67 21 55 33 93 44 38 65 42 47 40 43 4 27 80 65 6 33 94 10 68 50 3 72 13 41 20 71 78 6 64 64 92 43 25 37 81 70 72 84 99 10 30
35 98 87 21 87 45 81 55 82 77 25 53 55 30 2 47 72 99 11 56 2 37 90 18 22 99 66 92 53 93 14 92 58 47 13 52 43 54 7 28 1 99 26 47 74 71 83 4 82 50 55 76 74 39 53 25 28 49 82 13 71 25 20 73 56 17 77 86 91 81 72 47 48 77 14 68 41 79 14 11 56 91 80 36 11 25 84 47 20 33 91 75 68 94 35 30 80 2 27 13
98 3 50 34 82 77 97 29 44 30 17 51 15 14 36 84 21 19 7 84 81 45 4 7 31 85 47 47 74 4 94 35 8 7 35 29 24 65 98 88 40 73 43 85 78 74 68 92 32 66 83 96 5 63 43 95 15 21 84 91 71 81 80 23 1 14 63 10 97 94 7 43 87 72 85 32 14 49 39 29 64 37 43 2 41 68 6 85 94 23 35 95 59 18 11 93 5 23 28 99
18 84 94 56 78 49 46 74 50 42 51 13 76 49 91 35 83 65 86 20 51 6 95 67 57 23 76 5 36 54 60 4 90 63 88 13 85 50 2 69 19 88 30 46 74 5 68 98 79 68 63 16 10 50 0 34 81 72 90 87 1 20 2 7 30 51 61 93 45 19 53 41 76 96 29 43 13 29 85 12 72 62 9 49 43 16 2 21 45 44 71 72 42 36 83 14 61 40 40 76
44 47 52 39 66 7 44 76 65 38 70 61 7 62 79 47 50 7 98 51 54 25 53 15 15 55 58 29 92 46 86 91 28 34 74 3 45 39 79 29 2 24 27 61 91 94 94 10 83 51 55 82 55 66 21 23 78 64 95 81 51 37 4 56 75 21 63 65 56 81 49 55 20 77 77 83 9 41 74 91 50 77 34 71 5 22 75 10 24 27 14 6 65 76 27 41 67 35 23 96
55 97 67 44 40 59 39 31 64 90 15 25 27 1 49 81 15 19 6 84 93 57 79 16 50 17 58 13 66 97 83 93 63 71 69 50 48 22 49 23 69 11 45 8 86 97 94 90 94 15 20 75 53 29 95 90 19 86 7 4 82 53 2 27 92 34 79 40 65 29 83 89 3 38 47 8 87 11 4 71 29 67 59 28 56 72 61 77 32 93 92 58 57 30 65 0 45 84 64 18
99 68 58 77 31 12 58 61 34 87 52 64 70 23 28 24 58 5 74 61 0 48 39 3 41 82 98 29 23 60 66 0 30 20 21 49 24 46 26 67 91 24 24 0 37 83 66 54 12 44 24 69 80 88 56 16 20 77 31 1 21 33 87 19 83 16 0 67 59 94 43 23 78 22 59 7 99 87 19 46 32 18 77 90 27 45 93 31 56 91 43 86 0 53 96 37 24 1 16 4
